0.000 -0.262 0.996 0.891 -0.499 -0.671 -0.092 -0.347 1.216 -0.508 -0.523 1.555 -0.436 -0.179 -0.673 1.221 -0.092 -0.519 -0.312 1.377 -0.241 -0.359 -0.333 -0.369 -0.381 -0.267 -0.876 -0.522 -0.371 -0.430 -0.373 -0.810 -0.361 -0.643 -0.302 -0.052 1.706 -0.017 -0.330 1.366 0.224 -0.439 0.116 -0.330 -0.317 -0.369 -0.167 -0.314 -0.272 1.002 -0.457 -0.198 -0.346 -0.310 -0.465 -0.624 -0.403 -0.262 -0.502 -0.359 -0.162 -0.549 1.233 -0.113 -0.231 1.124 -0.390 0.088 0.974 -0.279 1.433 0.939 -0.409 -0.608 1.118 1.327 -0.287 -0.490 -0.356 1.305 -0.565 -0.017 -0.382 0.017 1.416 -0.472 1.344 -0.478 -0.154 -0.334 -0.127 -0.410 -0.110 1.364 -0.524 -0.098 -0.337 -0.062 -0.400 -0.430 
-0.262 0.000 -0.189 -0.300 -0.385 0.140 -0.793 -0.624 -0.529 1.694 -0.292 -0.290 1.246 0.883 -0.349 -0.310 1.126 -0.096 -0.514 -0.158 -0.250 -0.203 -0.412 1.523 -0.112 -0.175 -0.217 -0.194 -0.459 -0.439 -0.513 0.092 -0.398 1.992 0.183 -0.040 -0.541 -0.517 -0.008 -0.610 -0.427 1.290 -0.026 -0.483 -0.434 -0.428 -0.299 -0.238 -0.034 -0.294 -0.558 0.075 1.668 -0.507 1.253 0.022 -0.302 -0.350 -0.316 0.195 1.496 0.319 -0.119 1.340 -0.159 -0.084 -0.501 0.191 -0.218 -0.407 -0.611 -0.384 1.456 -0.419 -0.450 -0.694 1.222 1.070 -0.179 -0.352 1.197 -0.324 1.218 -0.122 -0.618 -0.351 -0.526 -0.181 -0.043 -0.333 -0.523 -0.492 -0.328 -0.063 -0.263 0.060 0.130 -0.299 1.000 1.266 
0.996 -0.189 0.000 0.637 -0.146 -0.162 -0.214 -0.534 0.877 -0.526 -0.348 0.958 -0.198 -0.344 -0.330 1.027 0.022 -0.250 -0.457 0.960 -0.333 -0.379 -0.193 -0.077 -0.151 -0.523 -0.259 -0.454 -0.240 -0.306 -0.341 -0.356 -0.479 -0.149 -0.169 0.000 1.173 -0.372 -0.192 0.826 0.025 -0.027 -0.004 -0.299 -0.242 -0.126 0.021 0.025 -0.297 0.747 -0.283 -0.349 -0.171 -0.369 -0.273 -0.281 -0.126 -0.060 -0.433 -0.295 -0.063 -0.288 1.099 0.112 -0.222 0.782 -0.120 0.361 0.563 -0.373 1.073 0.652 -0.042 -0.345 0.411 0.904 0.083 -0.054 -0.416 0.888 -0.319 -0.239 -0.137 -0.013 0.958 -0.103 0.949 -0.437 -0.224 -0.501 -0.424 -0.618 -0.292 0.903 -0.070 -0.067 -0.389 -0.229 -0.317 -0.121 
0.891 -0.300 0.637 0.000 -0.268 -0.324 0.194 -0.287 0.938 -0.483 -0.318 1.028 -0.163 -0.292 -0.532 1.071 -0.156 -0.267 -0.185 1.015 -0.113 -0.099 -0.106 -0.395 -0.512 -0.005 -0.596 -0.035 -0.366 -0.285 -0.210 -0.348 -0.295 -0.267 -0.095 -0.110 1.201 0.075 -0.248 1.045 0.163 -0.314 -0.153 -0.275 -0.171 -0.271 -0.057 -0.341 -0.315 0.732 -0.447 -0.178 -0.259 -0.197 -0.056 -0.097 -0.176 -0.230 -0.088 -0.112 -0.278 -0.239 0.667 -0.084 -0.299 0.875 -0.354 0.199 0.948 -0.095 1.034 0.652 -0.261 -0.171 0.574 1.174 -0.023 -0.027 -0.203 0.696 -0.388 -0.162 -0.377 -0.140 0.744 -0.321 0.848 -0.476 -0.239 -0.243 -0.262 -0.255 0.134 0.784 -0.181 -0.128 -0.242 -0.196 -0.251 -0.140 
-0.499 -0.385 -0.146 -0.268 0.000 0.762 0.013 -0.198 -0.299 -0.303 -0.086 -0.473 -0.148 -0.220 1.115 -0.156 -0.256 0.799 0.036 -0.353 0.070 0.168 -0.221 -0.081 -0.068 -0.341 1.393 1.000 -0.048 1.007 -0.172 1.252 -0.267 -0.540 -0.236 -0.420 -0.281 0.045 -0.448 -0.526 -0.489 -0.573 -0.206 -0.068 -0.209 -0.105 -0.012 0.916 0.050 -0.199 -0.118 -0.238 -0.498 -0.267 -0.410 1.168 0.120 1.119 1.055 0.818 -0.296 0.907 -0.719 -0.215 -0.311 -0.269 -0.492 -0.255 -0.567 0.041 -0.136 -0.213 -0.050 1.091 -0.257 -0.406 -0.739 -0.152 1.159 -0.331 -0.527 -0.133 -0.265 -0.391 -0.513 -0.007 -0.246 0.154 0.034 -0.044 -0.242 -0.063 -0.011 -0.491 0.855 -0.018 0.177 -0.276 -0.372 -0.700 
-0.671 0.140 -0.162 -0.324 0.762 0.000 0.075 -0.101 -0.293 0.179 -0.106 -0.510 0.280 -0.050 0.748 -0.688 0.191 0.884 0.061 -0.552 0.101 0.117 0.178 0.498 -0.120 -0.258 0.792 0.342 -0.081 1.064 0.103 0.641 -0.105 0.377 -0.401 -0.484 -0.580 -0.171 -0.296 -1.055 -0.515 0.299 -0.180 -0.057 -0.464 0.078 -0.175 0.889 -0.208 -0.506 0.053 -0.462 0.344 -0.120 0.112 0.600 -0.103 0.578 0.526 1.035 0.180 0.518 -0.654 0.414 -0.124 -0.388 -0.108 -0.359 -0.569 0.056 -0.564 -0.256 0.584 1.161 -0.516 -0.831 0.118 0.245 0.614 -0.704 0.527 -0.661 0.227 -0.327 -0.374 -0.121 -0.706 0.012 -0.251 -0.082 -0.244 0.208 -0.108 -0.534 0.728 -0.564 -0.083 -0.684 0.254 0.288 
-0.092 -0.793 -0.214 0.194 0.013 0.075 0.000 1.218 -0.175 -0.720 0.580 -0.013 -0.467 -0.423 0.139 -0.479 -0.517 0.181 0.883 -0.074 0.992 0.815 0.529 -0.662 -0.717 -0.359 0.322 0.040 0.849 0.231 0.889 -0.106 0.777 -0.286 -0.802 -0.825 -0.112 0.993 -0.444 -0.051 -0.364 -0.332 -0.720 1.021 0.982 0.952 -0.622 -0.023 -0.869 -0.099 1.003 -0.573 -0.722 1.417 -0.272 0.301 -0.686 0.234 -0.045 -0.343 -0.745 -0.421 -0.252 -0.567 -0.684 0.036 0.968 -0.753 -0.152 0.784 0.178 -0.135 -0.599 0.501 -0.103 0.226 -0.620 -0.452 0.345 0.156 -0.411 -0.644 -0.547 -0.695 -0.069 -0.531 0.078 0.875 -0.805 1.059 1.014 1.273 1.000 -0.219 0.591 -0.933 -0.729 -0.850 -0.453 -0.441 
-0.347 -0.624 -0.534 -0.287 -0.198 -0.101 1.218 0.000 -0.438 -0.626 0.757 -0.416 -0.474 -0.357 0.131 -0.655 -0.453 0.339 1.117 -0.663 0.755 0.754 0.890 -0.704 -0.070 0.023 0.228 0.125 0.718 0.143 0.905 -0.073 1.026 -0.218 -0.616 -0.537 -0.307 1.096 -0.217 -0.296 -0.073 -0.520 -0.487 1.184 1.020 0.866 -0.351 0.068 -0.636 -0.633 1.147 -0.393 -0.514 1.343 -0.560 0.389 -0.633 0.290 0.161 -0.435 -0.391 -0.266 -0.357 -0.915 -0.465 -0.381 1.195 -0.619 -0.652 0.916 -0.475 -0.275 -0.428 0.285 -0.419 -0.260 -0.588 -0.551 0.056 -0.227 -0.244 -0.312 -0.369 -0.268 -0.379 -0.362 -0.033 0.879 -0.473 1.019 1.108 1.197 1.211 -0.620 0.317 -0.246 -0.442 -0.267 -0.287 -0.332 
1.216 -0.529 0.877 0.938 -0.299 -0.293 -0.175 -0.438 0.000 -0.776 -0.439 1.242 -0.596 -0.301 -0.482 1.318 -0.391 -0.162 -0.131 1.075 -0.176 -0.189 -0.188 -0.480 -0.211 0.235 -0.453 -0.290 -0.447 -0.207 -0.201 -0.345 -0.336 -0.764 -0.120 -0.026 1.624 -0.345 -0.041 1.295 0.208 -0.642 0.154 -0.437 -0.475 -0.266 -0.028 -0.436 -0.172 0.712 -0.629 0.059 -0.613 -0.299 -0.567 -0.566 -0.127 -0.276 -0.422 -0.223 -0.373 -0.440 1.012 -0.300 -0.163 0.710 -0.027 0.250 1.091 -0.238 1.523 0.697 -0.608 -0.669 0.883 1.305 -0.466 -0.493 -0.403 0.998 -0.643 0.162 -0.358 0.236 1.055 -0.002 1.149 -0.554 -0.045 -0.521 -0.324 -0.431 -0.157 1.102 -0.482 -0.037 -0.104 0.153 -0.568 -0.557 
-0.508 1.694 -0.526 -0.483 -0.303 0.179 -0.720 -0.626 -0.776 0.000 0.100 -0.498 1.440 1.009 -0.427 -0.515 1.279 -0.149 -0.219 -0.350 -0.292 -0.414 -0.340 1.893 -0.193 -0.441 -0.395 -0.177 -0.260 -0.471 -0.342 -0.429 -0.509 1.810 0.071 -0.162 -0.877 -0.344 -0.212 -0.568 -0.159 1.556 -0.312 -0.500 -0.294 -0.469 -0.310 -0.449 -0.125 -0.464 -0.193 -0.044 1.606 -0.401 1.657 -0.264 0.146 -0.439 -0.165 0.212 1.500 0.335 -0.126 1.531 -0.067 -0.318 -0.322 -0.233 -0.423 -0.314 -0.778 -0.295 1.713 -0.548 -0.360 -0.654 1.497 1.298 -0.333 -0.414 1.499 -0.161 1.255 -0.040 -0.411 -0.409 -0.806 0.095 -0.164 0.094 -0.137 -0.064 -0.518 -0.405 -0.678 -0.054 -0.283 -0.287 1.348 1.992 
-0.523 -0.292 -0.348 -0.318 -0.086 -0.106 0.580 0.757 -0.439 0.100 0.000 -0.373 -0.221 -0.383 0.220 -0.641 -0.342 0.159 0.477 -0.571 0.586 0.627 0.288 -0.129 -0.100 -0.326 -0.040 -0.075 0.507 -0.114 0.896 0.158 0.807 -0.154 -0.213 -0.482 -0.462 0.581 -0.331 -0.161 0.059 -0.156 -0.416 0.905 0.872 0.670 -0.471 0.225 -0.480 -0.485 0.960 -0.507 -0.296 0.828 -0.045 -0.123 -0.393 0.058 0.116 -0.430 -0.251 -0.346 -0.430 -0.055 -0.356 -0.610 0.730 -0.692 -0.223 0.628 -0.426 -0.322 -0.294 0.136 -0.303 -0.033 -0.184 -0.089 0.092 -0.163 0.068 -0.329 0.142 -0.378 -0.423 -0.109 -0.304 0.634 -0.601 0.819 0.875 0.773 0.704 -0.436 0.162 -0.333 -0.497 -0.260 0.107 0.086 
1.555 -0.290 0.958 1.028 -0.473 -0.510 -0.013 -0.416 1.242 -0.498 -0.373 0.000 -0.392 -0.554 -0.925 1.404 -0.111 -0.716 -0.245 1.373 0.022 -0.392 -0.334 -0.182 -0.610 -0.251 -0.985 -0.296 -0.593 -0.501 -0.383 -0.795 -0.351 -0.496 -0.396 -0.149 1.729 -0.002 -0.238 1.578 -0.095 -0.639 -0.136 -0.233 -0.287 -0.359 -0.224 -0.575 -0.372 1.088 -0.540 0.027 -0.068 -0.177 -0.380 -0.838 -0.311 -0.478 -0.681 -0.412 -0.441 -0.626 1.272 -0.271 -0.101 1.178 -0.409 -0.042 1.397 -0.331 1.492 1.098 -0.191 -0.660 0.958 1.602 -0.078 -0.330 -0.317 1.149 -0.471 -0.035 -0.376 0.258 1.516 -0.490 1.399 -0.540 -0.069 -0.185 -0.080 -0.394 -0.037 1.496 -0.689 -0.061 -0.542 -0.379 -0.390 -0.488 
-0.436 1.246 -0.198 -0.163 -0.148 0.280 -0.467 -0.474 -0.596 1.440 -0.221 -0.392 0.000 0.704 -0.406 -0.595 0.939 -0.063 -0.524 -0.284 -0.196 -0.191 -0.343 1.287 -0.086 -0.289 -0.353 -0.162 -0.116 -0.465 -0.330 -0.057 -0.349 1.408 -0.163 0.015 -0.824 -0.272 -0.120 -0.458 -0.313 1.203 -0.248 -0.566 -0.359 -0.679 0.160 -0.167 -0.042 0.025 -0.420 0.051 1.218 -0.685 1.002 -0.140 0.208 -0.129 0.164 0.553 1.081 0.232 -0.307 1.124 -0.017 -0.147 -0.407 0.262 -0.014 -0.224 -0.693 -0.274 1.075 -0.149 -0.632 -0.470 1.005 0.762 -0.203 -0.592 0.932 -0.277 0.580 -0.155 -0.527 0.002 -0.574 0.022 -0.173 -0.390 -0.309 -0.365 -0.485 -0.071 -0.110 0.185 -0.070 -0.159 1.129 1.635 
-0.179 0.883 -0.344 -0.292 -0.220 -0.050 -0.423 -0.357 -0.301 1.009 -0.383 -0.554 0.704 0.000 -0.199 -0.282 0.351 -0.306 -0.315 -0.098 -0.384 -0.278 -0.062 0.989 0.012 0.076 -0.114 -0.136 -0.194 -0.107 -0.150 -0.013 -0.369 0.796 0.212 0.038 -0.365 -0.291 0.048 -0.420 -0.232 0.509 -0.065 -0.521 -0.264 -0.367 0.255 -0.092 0.108 -0.072 -0.091 0.239 0.477 -0.275 0.651 0.143 0.189 0.015 0.077 0.311 0.593 0.066 -0.390 0.391 0.098 -0.020 -0.157 0.283 -0.134 -0.379 -0.586 -0.185 0.790 -0.016 -0.332 -0.446 0.544 0.305 -0.089 -0.311 0.503 -0.045 0.469 -0.248 -0.292 0.149 -0.450 -0.080 0.050 -0.332 -0.239 -0.314 -0.490 -0.042 -0.167 -0.219 0.399 0.007 0.622 0.569 
-0.673 -0.349 -0.330 -0.532 1.115 0.748 0.139 0.131 -0.482 -0.427 0.220 -0.925 -0.406 -0.199 0.000 -0.492 -0.176 1.094 0.176 -0.497 0.155 0.290 0.129 0.063 0.066 -0.412 1.425 0.890 -0.023 0.983 0.035 1.145 0.095 -0.221 -0.297 -0.274 -0.515 -0.108 -0.076 -0.460 -0.592 -0.164 -0.086 0.119 0.171 0.054 -0.083 1.054 -0.029 -0.462 0.053 -0.451 -0.215 -0.093 -0.374 0.841 0.115 0.999 0.681 0.685 -0.179 0.838 -0.527 0.196 -0.332 -0.157 -0.044 -0.490 -0.661 -0.109 -0.791 -0.356 -0.150 1.195 -0.083 -0.782 -0.225 -0.008 1.095 -0.425 -0.375 -0.160 -0.130 -0.660 -0.772 0.229 -0.570 0.266 -0.249 0.127 -0.055 0.058 -0.011 -0.429 0.879 -0.432 -0.012 -0.390 -0.414 -0.483 
1.221 -0.310 1.027 1.071 -0.156 -0.688 -0.479 -0.655 1.318 -0.515 -0.641 1.404 -0.595 -0.282 -0.492 0.000 -0.214 -0.385 -0.072 1.484 -0.430 -0.187 -0.124 -0.208 -0.309 -0.113 -0.509 -0.145 -0.713 -0.492 -0.408 -0.654 -0.321 -0.672 0.064 -0.080 1.757 -0.327 -0.544 1.813 -0.100 -0.649 -0.040 -0.169 -0.339 -0.303 -0.225 -0.288 -0.354 0.709 -0.352 0.152 -0.338 -0.351 -0.334 -0.194 -0.351 -0.033 -0.353 -0.699 -0.087 -0.155 1.179 -0.470 -0.131 1.159 -0.326 0.012 1.061 -0.109 1.689 0.858 -0.415 -0.590 1.100 1.563 -0.135 0.088 -0.135 1.081 -0.684 0.037 -0.193 -0.136 1.210 -0.205 1.514 -0.589 0.067 -0.547 -0.285 -0.748 -0.333 1.208 -0.334 0.052 -0.216 -0.038 -0.497 -0.529 
-0.092 1.126 0.022 -0.156 -0.256 0.191 -0.517 -0.453 -0.391 1.279 -0.342 -0.111 0.939 0.351 -0.176 -0.214 0.000 -0.242 -0.347 -0.087 -0.139 -0.612 -0.228 1.048 -0.071 -0.434 -0.262 0.014 -0.168 -0.305 -0.365 -0.151 -0.186 1.414 0.094 -0.014 -0.529 -0.377 -0.063 -0.151 -0.366 1.078 -0.247 -0.126 -0.248 -0.476 -0.080 -0.166 -0.214 -0.184 -0.367 -0.165 1.490 -0.450 1.113 -0.023 -0.054 -0.084 -0.187 -0.023 1.050 0.406 0.041 0.887 -0.195 -0.109 -0.336 0.126 -0.289 -0.479 -0.067 -0.293 1.150 -0.336 -0.059 -0.502 1.059 1.053 -0.601 -0.345 0.788 -0.150 0.793 0.041 -0.068 -0.251 -0.364 -0.381 -0.126 -0.263 -0.497 -0.154 -0.392 -0.092 -0.239 -0.188 -0.489 -0.333 0.487 1.320 
-0.519 -0.096 -0.250 -0.267 0.799 0.884 0.181 0.339 -0.162 -0.149 0.159 -0.716 -0.063 -0.306 1.094 -0.385 -0.242 0.000 0.090 -0.626 0.334 0.013 -0.155 0.071 -0.110 -0.406 1.042 0.571 -0.222 0.894 0.156 0.886 -0.007 0.065 -0.512 -0.419 -0.320 -0.137 -0.404 -0.867 -0.365 -0.164 -0.128 -0.077 -0.163 -0.108 -0.340 0.964 -0.079 -0.322 0.289 -0.386 -0.267 -0.089 -0.462 1.025 -0.317 0.967 0.819 0.930 -0.084 0.769 -0.243 0.349 -0.480 -0.565 0.078 -0.324 -0.571 0.012 -0.401 -0.146 0.028 1.058 0.014 -0.536 0.101 -0.235 0.834 -0.522 0.085 -0.528 0.140 -0.634 -0.324 0.121 -0.367 0.115 -0.193 -0.006 -0.075 0.059 0.078 -0.609 1.129 -0.547 -0.153 -0.632 -0.162 0.004 
-0.312 -0.514 -0.457 -0.185 0.036 0.061 0.883 1.117 -0.131 -0.219 0.477 -0.245 -0.524 -0.315 0.176 -0.072 -0.347 0.090 0.000 -0.481 0.680 0.844 0.978 -0.236 -0.068 -0.168 0.090 0.182 0.525 0.261 0.694 -0.116 0.761 -0.375 -0.396 -0.555 0.140 1.038 -0.368 0.016 -0.171 -0.436 -0.278 0.840 1.007 0.822 -0.288 -0.220 -0.418 -0.387 0.710 -0.421 -0.517 1.224 -0.218 -0.012 -0.308 -0.055 0.073 -0.557 -0.079 0.116 -0.120 -0.410 -0.420 -0.284 1.040 -0.743 -0.453 0.941 -0.221 -0.181 -0.414 0.264 -0.252 0.014 -0.346 -0.237 0.101 -0.122 -0.345 -0.140 -0.070 -0.255 -0.111 -0.154 0.072 0.878 -0.485 0.760 0.696 1.350 0.998 -0.105 0.167 -0.305 -0.282 -0.399 -0.403 -0.561 
1.377 -0.158 0.960 1.015 -0.353 -0.552 -0.074 -0.663 1.075 -0.350 -0.571 1.373 -0.284 -0.098 -0.497 1.484 -0.087 -0.626 -0.481 0.000 -0.221 -0.182 -0.210 0.079 -0.602 -0.407 -0.556 -0.263 -0.437 -0.390 -0.467 -0.604 -0.431 -0.250 -0.084 0.112 1.469 -0.294 -0.173 1.445 0.057 -0.253 -0.112 -0.394 -0.258 -0.499 -0.323 -0.341 -0.242 1.016 -0.394 -0.370 -0.366 -0.514 -0.300 -0.278 -0.262 -0.134 -0.429 -0.427 -0.002 -0.247 0.837 -0.200 -0.247 1.154 -0.411 0.169 1.134 -0.462 1.490 0.819 -0.290 -0.531 0.846 1.390 -0.027 0.037 -0.227 1.220 -0.422 -0.172 -0.203 -0.112 1.039 -0.427 1.065 -0.684 -0.154 -0.282 -0.297 -0.438 -0.268 1.218 -0.546 -0.116 -0.408 -0.251 -0.512 -0.311 
-0.241 -0.250 -0.333 -0.113 0.070 0.101 0.992 0.755 -0.176 -0.292 0.586 0.022 -0.196 -0.384 0.155 -0.430 -0.139 0.334 0.680 -0.221 0.000 0.680 0.350 -0.528 -0.179 0.074 0.266 0.219 0.537 -0.000 0.764 0.078 0.741 -0.108 -0.273 -0.422 -0.149 0.747 -0.154 -0.077 -0.238 -0.341 -0.229 0.861 0.863 0.656 -0.113 0.112 -0.272 -0.216 0.854 -0.223 -0.174 0.686 -0.006 -0.173 -0.209 0.170 -0.158 -0.302 -0.421 -0.175 -0.342 -0.181 -0.346 -0.439 0.540 -0.350 -0.186 0.578 -0.140 -0.369 -0.548 0.085 -0.249 -0.031 -0.424 -0.136 0.073 -0.006 -0.190 -0.296 -0.089 -0.340 -0.357 -0.097 -0.121 0.546 -0.512 0.856 0.719 0.803 0.778 -0.094 0.098 -0.154 -0.249 -0.657 -0.307 -0.218 
-0.359 -0.203 -0.379 -0.099 0.168 0.117 0.815 0.754 -0.189 -0.414 0.627 -0.392 -0.191 -0.278 0.290 -0.187 -0.612 0.013 0.844 -0.182 0.680 0.000 0.769 -0.512 -0.106 -0.165 0.249 0.102 0.728 0.018 0.940 0.340 0.866 0.038 -0.393 -0.572 -0.243 0.807 -0.491 -0.397 -0.258 -0.507 -0.649 1.010 0.886 0.928 -0.691 0.368 -0.749 -0.359 0.944 -0.433 -0.563 1.020 -0.305 0.392 -0.197 0.053 0.151 -0.212 -0.279 -0.082 -0.481 -0.409 -0.719 -0.111 0.562 -0.771 -0.158 0.774 -0.380 -0.556 -0.282 0.468 -0.188 -0.170 -1.085 -0.430 0.369 -0.426 -0.350 -0.441 -0.373 -0.578 -0.500 -0.500 -0.354 0.823 -0.547 0.808 0.847 1.163 0.877 -0.113 0.484 -0.418 -0.438 -0.645 -0.227 -0.405 
-0.333 -0.412 -0.193 -0.106 -0.221 0.178 0.529 0.890 -0.188 -0.340 0.288 -0.334 -0.343 -0.062 0.129 -0.124 -0.228 -0.155 0.978 -0.210 0.350 0.769 0.000 -0.141 0.047 -0.001 0.010 0.141 0.437 0.351 0.717 -0.043 0.653 -0.029 -0.162 -0.381 -0.503 0.580 -0.288 -0.212 0.035 -0.226 -0.193 0.770 0.648 0.365 -0.101 -0.021 -0.377 -0.369 0.847 -0.289 -0.044 0.921 -0.238 -0.211 0.138 -0.039 0.106 -0.446 -0.169 -0.251 -0.207 -0.497 0.035 -0.147 0.839 -0.447 -0.323 0.689 -0.378 -0.256 -0.064 0.242 -0.424 -0.191 -0.180 -0.160 0.455 -0.098 -0.164 -0.159 -0.219 -0.371 -0.329 -0.002 -0.130 0.537 -0.302 0.414 0.677 1.121 0.687 -0.259 0.423 -0.297 -0.364 -0.449 -0.147 -0.274 
-0.369 1.523 -0.077 -0.395 -0.081 0.498 -0.662 -0.704 -0.480 1.893 -0.129 -0.182 1.287 0.989 0.063 -0.208 1.048 0.071 -0.236 0.079 -0.528 -0.512 -0.141 0.000 -0.500 -0.475 -0.205 -0.291 -0.240 -0.416 -0.531 0.043 -0.492 1.781 -0.101 -0.366 -0.558 -0.680 -0.444 0.055 -0.728 1.327 -0.346 -0.676 -0.232 -0.809 -0.663 -0.405 -0.526 -0.116 -0.050 -0.380 1.436 -0.475 1.263 -0.160 -0.451 0.122 -0.090 0.489 1.566 0.304 0.013 1.487 -0.223 0.031 -0.231 -0.286 -0.034 -0.579 -0.601 -0.015 1.588 -0.141 -0.277 -0.404 1.644 0.877 0.026 -0.176 1.122 -0.571 1.171 -0.786 -0.302 -0.286 -0.601 -0.077 -0.362 -0.250 -0.657 -0.220 -0.565 -0.019 -0.414 -0.743 -0.247 -0.548 1.050 1.485 
-0.381 -0.112 -0.151 -0.512 -0.068 -0.120 -0.717 -0.070 -0.211 -0.193 -0.100 -0.610 -0.086 0.012 0.066 -0.309 -0.071 -0.110 -0.068 -0.602 -0.179 -0.106 0.047 -0.500 0.000 0.811 0.134 0.205 -0.018 -0.017 -0.320 0.079 -0.056 -0.349 0.696 1.019 -0.655 -0.180 0.817 -0.435 0.453 -0.106 0.781 -0.046 -0.055 -0.017 0.790 0.222 0.962 -0.173 -0.161 0.908 -0.360 -0.441 -0.116 -0.198 0.921 0.109 -0.212 0.126 -0.370 -0.124 -0.423 -0.299 0.765 -0.539 -0.171 0.785 -0.183 -0.260 -0.368 -0.238 -0.131 -0.215 -0.411 -0.508 -0.225 -0.080 -0.277 -0.460 -0.112 0.616 -0.207 0.740 -0.317 0.772 -0.124 -0.134 1.008 -0.190 -0.331 -0.178 -0.449 -0.530 -0.052 0.892 0.969 1.113 -0.348 -0.167 
-0.267 -0.175 -0.523 -0.005 -0.341 -0.258 -0.359 0.023 0.235 -0.441 -0.326 -0.251 -0.289 0.076 -0.412 -0.113 -0.434 -0.406 -0.168 -0.407 0.074 -0.165 -0.001 -0.475 0.811 0.000 -0.126 -0.094 0.079 -0.268 -0.407 -0.031 -0.151 -0.525 1.288 1.111 -0.164 -0.373 1.031 0.152 0.909 -0.717 0.812 -0.229 -0.586 -0.255 0.879 -0.504 1.286 -0.267 -0.007 1.330 -0.273 -0.393 -0.249 -0.467 0.793 -0.439 -0.203 -0.002 -0.524 -0.396 -0.283 -0.705 1.378 -0.171 -0.152 1.085 0.003 -0.255 -0.365 -0.245 -0.755 -0.175 -0.220 -0.206 -0.400 -0.412 -0.432 -0.046 -0.258 0.907 -0.342 0.937 -0.543 0.960 -0.171 -0.511 1.335 -0.199 -0.243 -0.342 -0.186 -0.378 -0.255 0.950 1.540 1.377 -0.275 -0.306 
-0.876 -0.217 -0.259 -0.596 1.393 0.792 0.322 0.228 -0.453 -0.395 -0.040 -0.985 -0.353 -0.114 1.425 -0.509 -0.262 1.042 0.090 -0.556 0.266 0.249 0.010 -0.205 0.134 -0.126 0.000 0.759 0.042 1.220 0.061 1.251 0.001 -0.243 -0.076 -0.367 -0.636 -0.023 -0.084 -0.899 -0.448 -0.401 -0.334 0.194 -0.027 0.400 -0.003 0.807 0.074 -0.418 0.092 -0.201 -0.481 -0.037 -0.504 1.200 -0.093 1.197 0.772 0.964 -0.369 0.927 -0.839 -0.196 -0.245 -0.653 -0.139 -0.380 -0.828 0.001 -0.481 -0.594 -0.058 1.314 -0.342 -0.840 -0.665 -0.219 1.134 -0.448 -0.384 -0.290 -0.282 -0.471 -0.669 0.007 -0.538 0.294 -0.048 0.127 -0.171 -0.006 -0.205 -0.838 1.216 -0.473 0.062 -0.388 -0.480 -0.344 
-0.522 -0.194 -0.454 -0.035 1.000 0.342 0.040 0.125 -0.290 -0.177 -0.075 -0.296 -0.162 -0.136 0.890 -0.145 0.014 0.571 0.182 -0.263 0.219 0.102 0.141 -0.291 0.205 -0.094 0.759 0.000 -0.046 0.739 -0.099 1.030 0.084 -0.225 -0.425 -0.347 -0.418 0.093 -0.230 -0.442 -0.098 -0.174 -0.078 0.243 -0.015 -0.125 0.101 0.713 0.172 -0.298 0.076 -0.080 -0.171 -0.143 -0.090 0.786 0.382 0.988 0.775 0.454 -0.342 0.705 -0.714 -0.137 -0.205 -0.239 -0.334 -0.046 -0.305 0.317 -0.220 -0.097 0.179 0.897 -0.038 -0.324 -0.350 -0.142 0.875 -0.318 -0.614 -0.214 -0.461 -0.193 -0.407 -0.095 -0.128 0.239 -0.178 -0.003 0.044 0.187 0.134 -0.583 0.772 0.208 0.152 -0.246 -0.322 -0.500 
-0.371 -0.459 -0.240 -0.366 -0.048 -0.081 0.849 0.718 -0.447 -0.260 0.507 -0.593 -0.116 -0.194 -0.023 -0.713 -0.168 -0.222 0.525 -0.437 0.537 0.728 0.437 -0.240 -0.018 0.079 0.042 -0.046 0.000 0.081 0.651 0.143 0.641 -0.080 -0.116 -0.355 -0.563 0.673 -0.216 -0.257 -0.208 0.030 -0.327 0.808 0.876 0.706 0.030 0.080 -0.317 -0.348 0.799 -0.309 -0.201 0.854 -0.109 0.205 -0.141 0.154 0.091 -0.267 -0.332 -0.390 -0.490 -0.492 -0.241 -0.442 0.641 -0.566 -0.481 0.523 -0.280 -0.287 -0.398 0.218 -0.282 -0.481 -0.358 -0.465 -0.131 -0.372 -0.142 -0.193 -0.396 -0.142 -0.472 -0.262 -0.313 0.573 -0.666 0.811 0.704 0.804 0.392 -0.468 0.154 -0.192 -0.326 -0.173 -0.197 0.029 
-0.430 -0.439 -0.306 -0.285 1.007 1.064 0.231 0.143 -0.207 -0.471 -0.114 -0.501 -0.465 -0.107 0.983 -0.492 -0.305 0.894 0.261 -0.390 -0.000 0.018 0.351 -0.416 -0.017 -0.268 1.220 0.739 0.081 0.000 -0.004 1.030 0.025 -0.562 -0.188 -0.424 -0.250 0.179 -0.253 -0.999 -0.325 -0.473 -0.294 0.197 -0.174 0.146 -0.021 1.025 0.053 -0.588 0.065 -0.200 -0.499 -0.264 -0.532 0.843 0.082 0.788 1.209 0.877 -0.573 0.625 -0.394 -0.281 -0.331 -0.415 0.060 -0.377 -0.572 0.101 -0.354 -0.202 -0.166 1.348 -0.313 -0.588 -0.441 -0.334 1.188 -0.520 -0.415 -0.040 -0.286 -0.369 -0.450 0.075 -0.495 0.212 -0.062 0.008 -0.023 0.083 0.159 -0.580 1.226 -0.406 -0.280 -0.469 -0.397 -0.537 
-0.373 -0.513 -0.341 -0.210 -0.172 0.103 0.889 0.905 -0.201 -0.342 0.896 -0.383 -0.330 -0.150 0.035 -0.408 -0.365 0.156 0.694 -0.467 0.764 0.940 0.717 -0.531 -0.320 -0.407 0.061 -0.099 0.651 -0.004 0.000 -0.099 1.145 -0.364 -0.583 -0.824 -0.518 0.806 -0.582 -0.491 -0.320 -0.235 -0.399 1.177 1.282 1.132 -0.529 0.287 -0.958 -0.402 1.058 -0.526 -0.181 1.088 -0.157 -0.100 -0.658 0.161 -0.015 -0.510 -0.400 -0.111 -0.224 -0.332 -0.755 -0.611 1.019 -0.882 -0.366 0.795 -0.350 -0.466 -0.428 0.310 -0.166 -0.207 -0.727 -0.269 0.163 -0.261 -0.095 -0.661 -0.007 -0.766 -0.252 -0.570 -0.416 0.837 -0.660 0.760 0.879 1.124 0.938 -0.106 0.084 -0.579 -0.700 -0.766 0.135 -0.036 
-0.810 0.092 -0.356 -0.348 1.252 0.641 -0.106 -0.073 -0.345 -0.429 0.158 -0.795 -0.057 -0.013 1.145 -0.654 -0.151 0.886 -0.116 -0.604 0.078 0.340 -0.043 0.043 0.079 -0.031 1.251 1.030 0.143 1.030 -0.099 0.000 -0.122 0.109 -0.312 -0.319 -0.582 -0.199 -0.147 -0.855 -0.272 -0.338 -0.077 0.065 0.019 0.055 0.115 1.023 0.027 -0.421 0.089 -0.266 -0.260 -0.216 -0.205 1.259 -0.130 1.229 1.180 0.861 -0.305 0.770 -0.844 -0.156 -0.231 -0.602 -0.401 -0.284 -0.521 -0.067 -0.790 -0.445 0.060 1.137 -0.103 -0.741 -0.529 -0.239 1.057 -0.529 -0.260 -0.412 -0.021 -0.536 -0.797 0.069 -0.642 0.098 -0.150 -0.222 -0.236 -0.250 0.026 -0.465 1.372 -0.279 -0.042 -0.161 -0.308 -0.365 
-0.361 -0.398 -0.479 -0.295 -0.267 -0.105 0.777 1.026 -0.336 -0.509 0.807 -0.351 -0.349 -0.369 0.095 -0.321 -0.186 -0.007 0.761 -0.431 0.741 0.866 0.653 -0.492 -0.056 -0.151 0.001 0.084 0.641 0.025 1.145 -0.122 0.000 -0.222 -0.297 -0.533 -0.507 0.746 -0.196 -0.275 -0.378 -0.462 -0.337 1.195 1.007 0.770 -0.385 0.014 -0.626 -0.568 0.838 -0.358 -0.315 0.927 -0.141 -0.130 -0.470 0.088 0.111 -0.764 -0.433 -0.305 -0.288 -0.399 -0.500 -0.369 0.929 -0.626 -0.196 0.721 -0.405 -0.328 -0.535 0.257 -0.130 -0.263 -0.644 -0.291 0.176 -0.284 -0.281 -0.336 -0.136 -0.326 -0.257 -0.188 -0.168 0.870 -0.460 0.785 0.853 0.885 0.981 -0.423 0.186 -0.488 -0.405 -0.299 -0.168 -0.300 
-0.643 1.992 -0.149 -0.267 -0.540 0.377 -0.286 -0.218 -0.764 1.810 -0.154 -0.496 1.408 0.796 -0.221 -0.672 1.414 0.065 -0.375 -0.250 -0.108 0.038 -0.029 1.781 -0.349 -0.525 -0.243 -0.225 -0.080 -0.562 -0.364 0.109 -0.222 0.000 -0.237 -0.276 -0.945 -0.249 -0.387 -0.531 -0.727 1.764 -0.318 -0.427 -0.267 -0.526 -0.552 -0.313 -0.521 -0.115 0.006 -0.388 1.853 -0.117 1.585 0.298 -0.232 -0.304 -0.192 0.371 1.457 0.191 -0.365 1.620 -0.462 -0.065 -0.201 -0.205 -0.545 -0.375 -0.692 -0.445 1.792 -0.148 -0.287 -0.966 1.611 1.349 -0.334 -0.638 1.585 -0.707 1.278 -0.429 -0.828 -0.522 -0.755 -0.076 -0.666 0.247 -0.182 0.033 -0.217 -0.516 -0.190 -0.484 -0.371 -0.864 1.311 1.864 
-0.302 0.183 -0.169 -0.095 -0.236 -0.401 -0.802 -0.616 -0.120 0.071 -0.213 -0.396 -0.163 0.212 -0.297 0.064 0.094 -0.512 -0.396 -0.084 -0.273 -0.393 -0.162 -0.101 0.696 1.288 -0.076 -0.425 -0.116 -0.188 -0.583 -0.312 -0.297 -0.237 0.000 1.058 -0.231 -0.712 0.874 -0.064 0.632 -0.290 0.791 -0.359 -0.399 -0.170 0.692 -0.614 1.268 -0.372 -0.184 1.144 -0.157 -0.505 0.048 -0.544 0.768 -0.532 -0.431 -0.109 -0.171 -0.138 -0.152 -0.217 0.945 -0.254 -0.292 0.866 -0.213 -0.196 -0.343 -0.260 -0.328 -0.461 -0.209 -0.326 -0.042 0.183 -0.474 -0.062 0.062 1.023 -0.055 1.055 -0.450 0.651 -0.169 -0.384 1.155 -0.398 -0.561 -0.426 -0.447 -0.601 -0.467 0.864 1.141 0.945 -0.121 -0.170 
-0.052 -0.040 0.000 -0.110 -0.420 -0.484 -0.825 -0.537 -0.026 -0.162 -0.482 -0.149 0.015 0.038 -0.274 -0.080 -0.014 -0.419 -0.555 0.112 -0.422 -0.572 -0.381 -0.366 1.019 1.111 -0.367 -0.347 -0.355 -0.424 -0.824 -0.319 -0.533 -0.276 1.058 0.000 -0.177 -0.747 1.271 0.097 0.896 0.112 0.908 -0.620 -0.548 -0.648 0.819 -0.354 1.348 0.461 -0.466 0.962 -0.195 -0.956 -0.237 -0.449 0.815 -0.465 -0.313 -0.009 0.021 -0.220 0.101 0.093 0.860 0.149 -0.549 1.104 0.112 -0.757 -0.029 -0.132 -0.163 -0.722 -0.003 0.032 0.360 -0.021 -0.432 0.048 0.251 0.950 -0.268 1.114 -0.072 0.921 -0.209 -0.863 1.259 -0.509 -0.757 -0.664 -0.891 -0.228 -0.347 0.951 1.127 1.329 -0.107 -0.066 
1.706 -0.541 1.173 1.201 -0.281 -0.580 -0.112 -0.307 1.624 -0.877 -0.462 1.729 -0.824 -0.365 -0.515 1.757 -0.529 -0.320 0.140 1.469 -0.149 -0.243 -0.503 -0.558 -0.655 -0.164 -0.636 -0.418 -0.563 -0.250 -0.518 -0.582 -0.507 -0.945 -0.231 -0.177 0.000 0.049 -0.335 1.958 -0.025 -0.763 0.018 -0.321 -0.309 -0.078 -0.065 -0.314 -0.445 1.074 -0.662 -0.357 -0.808 -0.260 -0.719 -0.299 -0.534 -0.337 -0.397 -0.365 -0.432 -0.262 1.305 -0.509 -0.158 1.157 -0.082 -0.082 1.287 -0.242 1.705 1.095 -0.853 -0.491 1.089 1.846 -0.539 -0.288 -0.452 1.405 -0.705 0.161 -0.397 -0.023 1.506 -0.283 1.589 -0.674 -0.096 -0.100 -0.310 -0.490 0.018 1.526 -0.703 -0.146 -0.340 -0.217 -0.682 -0.859 
-0.017 -0.517 -0.372 0.075 0.045 -0.171 0.993 1.096 -0.345 -0.344 0.581 -0.002 -0.272 -0.291 -0.108 -0.327 -0.377 -0.137 1.038 -0.294 0.747 0.807 0.580 -0.680 -0.180 -0.373 -0.023 0.093 0.673 0.179 0.806 -0.199 0.746 -0.249 -0.712 -0.747 0.049 0.000 -0.511 -0.184 -0.129 -0.393 -0.477 0.855 0.940 0.978 -0.369 0.096 -0.491 -0.184 0.674 -0.449 -0.366 0.948 -0.167 0.144 -0.210 0.003 -0.031 -0.363 -0.131 -0.136 -0.348 -0.362 -0.400 -0.190 0.797 -0.630 -0.359 0.814 -0.022 -0.175 -0.314 0.070 -0.173 0.006 -0.353 -0.078 0.107 -0.269 -0.317 -0.018 -0.347 -0.392 -0.257 -0.334 -0.032 0.853 -0.745 0.962 1.198 1.158 1.145 -0.134 -0.012 -0.109 -0.518 -0.325 -0.034 -0.314 
-0.330 -0.008 -0.192 -0.248 -0.448 -0.296 -0.444 -0.217 -0.041 -0.212 -0.331 -0.238 -0.120 0.048 -0.076 -0.544 -0.063 -0.404 -0.368 -0.173 -0.154 -0.491 -0.288 -0.444 0.817 1.031 -0.084 -0.230 -0.216 -0.253 -0.582 -0.147 -0.196 -0.387 0.874 1.271 -0.335 -0.511 0.000 -0.450 0.863 -0.303 0.734 -0.196 -0.317 0.072 0.709 -0.410 1.296 0.045 -0.426 0.959 -0.245 -0.436 -0.140 -0.527 0.644 -0.621 -0.559 -0.170 -0.342 -0.073 -0.314 -0.146 1.086 -0.123 -0.161 1.016 -0.038 -0.668 -0.362 -0.129 -0.133 -0.597 -0.334 -0.403 -0.161 0.016 -0.416 0.027 0.006 0.762 -0.242 1.413 -0.255 0.909 -0.482 -0.397 1.214 -0.245 -0.455 -0.313 -0.521 -0.215 -0.431 0.818 1.133 1.052 -0.296 -0.404 
1.366 -0.610 0.826 1.045 -0.526 -1.055 -0.051 -0.296 1.295 -0.568 -0.161 1.578 -0.458 -0.420 -0.460 1.813 -0.151 -0.867 0.016 1.445 -0.077 -0.397 -0.212 0.055 -0.435 0.152 -0.899 -0.442 -0.257 -0.999 -0.491 -0.855 -0.275 -0.531 -0.064 0.097 1.958 -0.184 -0.450 0.000 -0.080 -0.446 -0.098 -0.428 -0.108 -0.530 0.152 -0.778 -0.463 1.096 -0.403 -0.112 -0.314 -0.151 -0.357 -0.752 -0.278 -0.350 -0.584 -0.743 -0.232 -0.631 1.127 -0.288 -0.131 1.112 -0.138 -0.064 1.404 -0.342 1.815 0.864 -0.547 -0.635 1.136 2.005 0.136 -0.244 -0.586 1.497 -0.707 0.392 -0.250 -0.191 1.343 -0.067 1.527 -0.671 -0.000 -0.236 -0.058 -0.526 -0.339 1.446 -0.968 -0.060 -0.378 0.304 -0.525 -0.219 
0.224 -0.427 0.025 0.163 -0.489 -0.515 -0.364 -0.073 0.208 -0.159 0.059 -0.095 -0.313 -0.232 -0.592 -0.100 -0.366 -0.365 -0.171 0.057 -0.238 -0.258 0.035 -0.728 0.453 0.909 -0.448 -0.098 -0.208 -0.325 -0.320 -0.272 -0.378 -0.727 0.632 0.896 -0.025 -0.129 0.863 -0.080 0.000 -0.332 0.815 -0.242 -0.284 0.064 0.532 -0.334 1.046 -0.159 0.066 0.669 -0.560 0.066 -0.365 -0.454 0.780 -0.713 -0.481 -0.225 -0.414 -0.159 0.018 -0.396 1.038 -0.049 -0.081 0.968 -0.086 -0.036 -0.049 0.071 -0.335 -0.508 -0.152 0.053 -0.167 -0.344 -0.293 0.259 -0.105 0.672 -0.304 1.049 0.316 0.645 -0.108 -0.414 0.850 -0.418 0.130 -0.093 -0.140 -0.067 -0.319 1.071 0.677 1.141 -0.099 -0.243 
-0.439 1.290 -0.027 -0.314 -0.573 0.299 -0.332 -0.520 -0.642 1.556 -0.156 -0.639 1.203 0.509 -0.164 -0.649 1.078 -0.164 -0.436 -0.253 -0.341 -0.507 -0.226 1.327 -0.106 -0.717 -0.401 -0.174 0.030 -0.473 -0.235 -0.338 -0.462 1.764 -0.290 0.112 -0.763 -0.393 -0.303 -0.446 -0.332 0.000 -0.122 -0.464 -0.285 -0.439 -0.064 -0.027 -0.363 0.227 -0.473 -0.357 1.642 -0.349 1.769 -0.312 -0.189 -0.418 -0.370 0.336 1.239 0.075 -0.128 1.388 -0.098 -0.043 -0.292 0.035 0.090 -0.312 -0.286 -0.296 1.414 -0.626 -0.119 -0.516 1.387 0.920 -0.702 -0.356 1.440 -0.517 1.206 -0.247 -0.428 -0.634 -0.504 -0.161 -0.855 -0.249 -0.188 -0.250 -0.722 -0.403 -0.445 -0.202 -0.616 -0.549 1.242 1.921 
0.116 -0.026 -0.004 -0.153 -0.206 -0.180 -0.720 -0.487 0.154 -0.312 -0.416 -0.136 -0.248 -0.065 -0.086 -0.040 -0.247 -0.128 -0.278 -0.112 -0.229 -0.649 -0.193 -0.346 0.781 0.812 -0.334 -0.078 -0.327 -0.294 -0.399 -0.077 -0.337 -0.318 0.791 0.908 0.018 -0.477 0.734 -0.098 0.815 -0.122 0.000 -0.508 -0.399 -0.372 0.792 -0.119 1.221 0.070 -0.465 0.952 -0.065 -0.307 -0.292 -0.389 0.689 -0.390 -0.406 0.026 0.002 -0.211 -0.132 -0.024 1.089 -0.082 -0.168 0.886 -0.074 -0.251 -0.111 0.194 -0.050 -0.427 0.034 -0.317 0.078 0.018 -0.274 0.064 0.059 0.805 -0.009 1.074 -0.087 0.717 -0.009 -0.327 1.086 -0.546 -0.493 -0.428 -0.621 0.141 -0.522 0.875 1.237 0.841 -0.233 -0.421 
-0.330 -0.483 -0.299 -0.275 -0.068 -0.057 1.021 1.184 -0.437 -0.500 0.905 -0.233 -0.566 -0.521 0.119 -0.169 -0.126 -0.077 0.840 -0.394 0.861 1.010 0.770 -0.676 -0.046 -0.229 0.194 0.243 0.808 0.197 1.177 0.065 1.195 -0.427 -0.359 -0.620 -0.321 0.855 -0.196 -0.428 -0.242 -0.464 -0.508 0.000 1.304 0.957 -0.289 0.299 -0.617 -0.475 1.172 -0.114 -0.389 1.173 -0.087 0.115 -0.536 0.366 -0.023 -0.698 -0.460 -0.100 -0.372 -0.818 -0.444 -0.316 0.910 -0.745 -0.195 0.777 -0.306 -0.261 -0.469 0.151 -0.088 -0.278 -0.928 -0.331 0.258 -0.198 -0.396 -0.435 -0.222 -0.424 -0.216 -0.451 -0.134 0.695 -0.561 1.050 1.115 1.050 0.818 -0.384 0.341 -0.207 -0.561 -0.570 -0.493 -0.497 
-0.317 -0.434 -0.242 -0.171 -0.209 -0.464 0.982 1.020 -0.475 -0.294 0.872 -0.287 -0.359 -0.264 0.171 -0.339 -0.248 -0.163 1.007 -0.258 0.863 0.886 0.648 -0.232 -0.055 -0.586 -0.027 -0.015 0.876 -0.174 1.282 0.019 1.007 -0.267 -0.399 -0.548 -0.309 0.940 -0.317 -0.108 -0.284 -0.285 -0.399 1.304 0.000 1.107 -0.301 0.048 -0.785 -0.147 1.155 -0.668 -0.343 1.217 0.032 0.187 -0.586 0.356 -0.110 -0.553 -0.148 -0.140 -0.228 -0.234 -0.841 -0.216 1.127 -0.976 -0.246 0.867 -0.464 -0.147 -0.440 0.066 -0.229 -0.030 -0.361 -0.240 0.095 -0.132 -0.282 -0.438 -0.138 -0.634 -0.218 -0.360 -0.103 0.932 -0.867 1.122 1.015 1.150 0.885 -0.070 0.004 -0.408 -0.691 -0.675 -0.257 -0.277 
-0.369 -0.428 -0.126 -0.271 -0.105 0.078 0.952 0.866 -0.266 -0.469 0.670 -0.359 -0.679 -0.367 0.054 -0.303 -0.476 -0.108 0.822 -0.499 0.656 0.928 0.365 -0.809 -0.017 -0.255 0.400 -0.125 0.706 0.146 1.132 0.055 0.770 -0.526 -0.170 -0.648 -0.078 0.978 0.072 -0.530 0.064 -0.439 -0.372 0.957 1.107 0.000 -0.239 0.103 -0.535 -0.654 0.867 -0.345 -0.548 1.074 -0.425 0.247 -0.366 -0.019 -0.281 -0.369 -0.540 -0.244 -0.196 -0.461 -0.462 -0.632 0.787 -0.755 -0.617 0.823 -0.343 -0.197 -0.560 0.100 -0.521 -0.456 -0.767 -0.230 0.023 -0.129 -0.206 -0.266 -0.280 -0.195 -0.371 -0.486 -0.108 0.840 -0.340 0.805 0.877 1.129 0.948 -0.344 0.219 -0.314 -0.111 -0.171 -0.188 -0.580 
-0.167 -0.299 0.021 -0.057 -0.012 -0.175 -0.622 -0.351 -0.028 -0.310 -0.471 -0.224 0.160 0.255 -0.083 -0.225 -0.080 -0.340 -0.288 -0.323 -0.113 -0.691 -0.101 -0.663 0.790 0.879 -0.003 0.101 0.030 -0.021 -0.529 0.115 -0.385 -0.552 0.692 0.819 -0.065 -0.369 0.709 0.152 0.532 -0.064 0.792 -0.289 -0.301 -0.239 0.000 -0.135 1.044 0.141 -0.549 0.960 -0.023 -0.593 -0.046 -0.371 1.109 -0.004 -0.075 0.260 -0.280 -0.058 -0.014 -0.263 0.916 -0.344 -0.300 0.845 0.138 -0.383 -0.224 0.104 -0.417 -0.239 -0.299 -0.141 0.108 -0.500 -0.124 -0.025 -0.230 1.085 -0.293 0.741 -0.137 0.966 0.307 -0.471 0.967 -0.435 -0.271 -0.506 -0.805 -0.109 -0.246 1.066 0.975 1.068 -0.328 -0.130 
-0.314 -0.238 0.025 -0.341 0.916 0.889 -0.023 0.068 -0.436 -0.449 0.225 -0.575 -0.167 -0.092 1.054 -0.288 -0.166 0.964 -0.220 -0.341 0.112 0.368 -0.021 -0.405 0.222 -0.504 0.807 0.713 0.080 1.025 0.287 1.023 0.014 -0.313 -0.614 -0.354 -0.314 0.096 -0.410 -0.778 -0.334 -0.027 -0.119 0.299 0.048 0.103 -0.135 0.000 -0.341 -0.113 0.158 -0.304 -0.160 -0.248 -0.544 0.958 -0.019 1.076 0.806 0.762 -0.379 0.418 -0.323 -0.101 -0.368 -0.314 -0.192 -0.598 -0.312 0.047 -0.288 -0.109 0.174 0.984 -0.100 -0.403 -0.375 -0.171 0.722 -0.373 -0.066 -0.530 0.162 -0.544 -0.317 -0.197 -0.271 -0.105 -0.303 0.033 0.138 -0.163 -0.113 -0.291 1.013 -0.315 -0.165 -0.686 -0.261 -0.207 
-0.272 -0.034 -0.297 -0.315 0.050 -0.208 -0.869 -0.636 -0.172 -0.125 -0.480 -0.372 -0.042 0.108 -0.029 -0.354 -0.214 -0.079 -0.418 -0.242 -0.272 -0.749 -0.377 -0.526 0.962 1.286 0.074 0.172 -0.317 0.053 -0.958 0.027 -0.626 -0.521 1.268 1.348 -0.445 -0.491 1.296 -0.463 1.046 -0.363 1.221 -0.617 -0.785 -0.535 1.044 -0.341 0.000 -0.232 -0.485 1.208 -0.257 -0.714 -0.268 -0.343 1.302 -0.321 -0.125 0.265 -0.194 -0.088 -0.565 -0.188 1.326 -0.096 -0.509 1.296 -0.246 -0.531 -0.588 -0.098 -0.269 -0.305 -0.269 -0.524 -0.131 -0.027 0.008 0.016 -0.146 1.167 -0.317 1.301 -0.453 1.353 -0.307 -0.484 1.465 -0.677 -0.424 -0.548 -0.798 -0.532 -0.107 1.429 1.546 1.535 -0.139 -0.490 
1.002 -0.294 0.747 0.732 -0.199 -0.506 -0.099 -0.633 0.712 -0.464 -0.485 1.088 0.025 -0.072 -0.462 0.709 -0.184 -0.322 -0.387 1.016 -0.216 -0.359 -0.369 -0.116 -0.173 -0.267 -0.418 -0.298 -0.348 -0.588 -0.402 -0.421 -0.568 -0.115 -0.372 0.461 1.074 -0.184 0.045 1.096 -0.159 0.227 0.070 -0.475 -0.147 -0.654 0.141 -0.113 -0.232 0.000 -0.588 -0.271 -0.141 -0.473 -0.161 -0.425 -0.197 -0.165 -0.487 0.049 -0.037 -0.436 0.781 0.042 -0.073 0.790 -0.510 0.238 1.228 -0.615 1.277 0.753 -0.275 -0.364 0.730 1.081 0.107 -0.202 -0.238 0.738 -0.301 -0.112 -0.299 0.009 0.869 -0.287 0.679 -0.673 -0.402 -0.129 -0.316 -0.390 -0.555 1.094 -0.335 -0.229 -0.060 -0.416 -0.346 0.043 
-0.457 -0.558 -0.283 -0.447 -0.118 0.053 1.003 1.147 -0.629 -0.193 0.960 -0.540 -0.420 -0.091 0.053 -0.352 -0.367 0.289 0.710 -0.394 0.854 0.944 0.847 -0.050 -0.161 -0.007 0.092 0.076 0.799 0.065 1.058 0.089 0.838 0.006 -0.184 -0.466 -0.662 0.674 -0.426 -0.403 0.066 -0.473 -0.465 1.172 1.155 0.867 -0.549 0.158 -0.485 -0.588 0.000 -0.293 -0.519 1.181 0.001 0.139 -0.383 0.371 0.121 -0.457 -0.371 -0.359 -0.518 -0.402 -0.366 -0.533 1.013 -0.639 -0.558 0.886 -0.514 -0.452 -0.362 0.418 -0.380 -0.318 -0.357 -0.356 0.376 -0.247 -0.111 -0.389 -0.004 -0.596 -0.442 -0.226 -0.445 0.776 -0.513 1.012 1.117 1.118 0.986 -0.659 0.509 -0.438 -0.432 -0.442 -0.054 -0.102 
-0.198 0.075 -0.349 -0.178 -0.238 -0.462 -0.573 -0.393 0.059 -0.044 -0.507 0.027 0.051 0.239 -0.451 0.152 -0.165 -0.386 -0.421 -0.370 -0.223 -0.433 -0.289 -0.380 0.908 1.330 -0.201 -0.080 -0.309 -0.200 -0.526 -0.266 -0.358 -0.388 1.144 0.962 -0.357 -0.449 0.959 -0.112 0.669 -0.357 0.952 -0.114 -0.668 -0.345 0.960 -0.304 1.208 -0.271 -0.293 0.000 -0.344 -0.553 0.098 -0.421 0.967 -0.391 -0.563 0.092 -0.368 -0.199 0.135 -0.414 1.179 -0.234 -0.348 0.980 0.182 -0.367 -0.106 -0.048 -0.008 -0.409 -0.165 -0.158 -0.055 -0.232 -0.292 -0.246 -0.112 0.999 0.001 1.106 -0.160 0.741 0.063 -0.388 1.463 -0.549 -0.278 -0.641 -0.603 -0.299 -0.439 1.209 1.461 1.246 0.036 -0.214 
-0.346 1.668 -0.171 -0.259 -0.498 0.344 -0.722 -0.514 -0.613 1.606 -0.296 -0.068 1.218 0.477 -0.215 -0.338 1.490 -0.267 -0.517 -0.366 -0.174 -0.563 -0.044 1.436 -0.360 -0.273 -0.481 -0.171 -0.201 -0.499 -0.181 -0.260 -0.315 1.853 -0.157 -0.195 -0.808 -0.366 -0.245 -0.314 -0.560 1.642 -0.065 -0.389 -0.343 -0.548 -0.023 -0.160 -0.257 -0.141 -0.519 -0.344 0.000 -0.378 1.354 -0.294 -0.329 -0.487 -0.307 0.010 1.651 0.336 -0.055 1.543 -0.147 -0.081 -0.484 -0.148 -0.301 -0.235 -0.675 -0.210 1.548 -0.677 -0.299 -0.664 1.679 1.213 -0.524 -0.251 1.236 -0.149 0.994 -0.192 -0.540 -0.417 -0.509 -0.214 -0.551 -0.329 -0.347 -0.268 -0.413 0.023 -0.316 -0.213 -0.433 -0.567 1.074 1.763 
-0.310 -0.507 -0.369 -0.197 -0.267 -0.120 1.417 1.343 -0.299 -0.401 0.828 -0.177 -0.685 -0.275 -0.093 -0.351 -0.450 -0.089 1.224 -0.514 0.686 1.020 0.921 -0.475 -0.441 -0.393 -0.037 -0.143 0.854 -0.264 1.088 -0.216 0.927 -0.117 -0.505 -0.956 -0.260 0.948 -0.436 -0.151 0.066 -0.349 -0.307 1.173 1.217 1.074 -0.593 -0.248 -0.714 -0.473 1.181 -0.553 -0.378 0.000 -0.059 0.004 -0.570 -0.180 -0.324 -0.660 -0.520 -0.414 -0.455 -0.733 -0.491 -0.298 1.193 -0.770 -0.347 1.040 -0.185 -0.201 -0.333 0.151 -0.088 -0.106 -0.750 -0.305 -0.083 -0.121 -0.226 -0.494 -0.111 -0.225 0.062 -0.549 -0.154 1.020 -0.835 0.959 1.204 1.475 1.007 -0.264 0.321 -0.489 -0.539 -0.593 -0.246 -0.391 
-0.465 1.253 -0.273 -0.056 -0.410 0.112 -0.272 -0.560 -0.567 1.657 -0.045 -0.380 1.002 0.651 -0.374 -0.334 1.113 -0.462 -0.218 -0.300 -0.006 -0.305 -0.238 1.263 -0.116 -0.249 -0.504 -0.090 -0.109 -0.532 -0.157 -0.205 -0.141 1.585 0.048 -0.237 -0.719 -0.167 -0.140 -0.357 -0.365 1.769 -0.292 -0.087 0.032 -0.425 -0.046 -0.544 -0.268 -0.161 0.001 0.098 1.354 -0.059 0.000 -0.158 -0.183 -0.387 -0.550 -0.061 0.947 0.066 -0.267 1.201 -0.060 -0.016 -0.120 0.109 -0.041 -0.010 -0.303 -0.182 1.157 -0.603 -0.175 -0.326 1.036 1.090 -0.483 -0.613 1.125 -0.301 1.277 -0.249 -0.269 -0.177 -0.334 0.270 -0.434 0.028 -0.215 0.150 -0.276 -0.344 -0.466 0.019 -0.435 -0.355 1.214 1.630 
-0.624 0.022 -0.281 -0.097 1.168 0.600 0.301 0.389 -0.566 -0.264 -0.123 -0.838 -0.140 0.143 0.841 -0.194 -0.023 1.025 -0.012 -0.278 -0.173 0.392 -0.211 -0.160 -0.198 -0.467 1.200 0.786 0.205 0.843 -0.100 1.259 -0.130 0.298 -0.544 -0.449 -0.299 0.144 -0.527 -0.752 -0.454 -0.312 -0.389 0.115 0.187 0.247 -0.371 0.958 -0.343 -0.425 0.139 -0.421 -0.294 0.004 -0.158 0.000 -0.421 1.245 0.901 0.657 0.041 1.007 -0.867 -0.179 -0.483 0.068 -0.118 -0.665 -0.904 0.013 -0.069 -0.080 0.435 1.268 -0.216 -0.588 -0.118 0.027 0.800 -0.546 -0.092 -0.535 -0.149 -0.437 -0.405 -0.260 -0.363 0.093 -0.253 0.335 -0.095 0.132 0.017 -0.583 1.085 -0.539 -0.073 -0.574 -0.123 -0.341 
-0.403 -0.302 -0.126 -0.176 0.120 -0.103 -0.686 -0.633 -0.127 0.146 -0.393 -0.311 0.208 0.189 0.115 -0.351 -0.054 -0.317 -0.308 -0.262 -0.209 -0.197 0.138 -0.451 0.921 0.793 -0.093 0.382 -0.141 0.082 -0.658 -0.130 -0.470 -0.232 0.768 0.815 -0.534 -0.210 0.644 -0.278 0.780 -0.189 0.689 -0.536 -0.586 -0.366 1.109 -0.019 1.302 -0.197 -0.383 0.967 -0.329 -0.570 -0.183 -0.421 0.000 -0.269 0.050 0.451 -0.427 -0.161 -0.194 -0.137 0.951 -0.310 -0.459 1.117 -0.238 -0.300 -0.282 -0.100 0.003 -0.075 -0.385 -0.421 0.003 -0.173 0.110 -0.358 -0.238 0.944 -0.357 0.928 -0.223 1.150 -0.232 -0.228 1.205 -0.417 -0.273 -0.199 -0.461 -0.435 -0.276 1.130 0.975 1.045 -0.209 -0.218 
-0.262 -0.350 -0.060 -0.230 1.119 0.578 0.234 0.290 -0.276 -0.439 0.058 -0.478 -0.129 0.015 0.999 -0.033 -0.084 0.967 -0.055 -0.134 0.170 0.053 -0.039 0.122 0.109 -0.439 1.197 0.988 0.154 0.788 0.161 1.229 0.088 -0.304 -0.532 -0.465 -0.337 0.003 -0.621 -0.350 -0.713 -0.418 -0.390 0.366 0.356 -0.019 -0.004 1.076 -0.321 -0.165 0.371 -0.391 -0.487 -0.180 -0.387 1.245 -0.269 0.000 0.896 0.543 -0.126 0.624 -0.456 -0.255 -0.575 -0.289 -0.177 -0.546 -0.377 0.017 -0.262 -0.118 -0.033 0.853 0.016 -0.423 -0.454 -0.257 1.053 -0.319 -0.611 -0.520 -0.245 -0.815 -0.212 -0.134 -0.129 0.049 -0.374 0.100 -0.153 -0.148 -0.312 -0.437 1.112 -0.385 -0.185 -0.541 -0.393 -0.233 
-0.502 -0.316 -0.433 -0.088 1.055 0.526 -0.045 0.161 -0.422 -0.165 0.116 -0.681 0.164 0.077 0.681 -0.353 -0.187 0.819 0.073 -0.429 -0.158 0.151 0.106 -0.090 -0.212 -0.203 0.772 0.775 0.091 1.209 -0.015 1.180 0.111 -0.192 -0.431 -0.313 -0.397 -0.031 -0.559 -0.584 -0.481 -0.370 -0.406 -0.023 -0.110 -0.281 -0.075 0.806 -0.125 -0.487 0.121 -0.563 -0.307 -0.324 -0.550 0.901 0.050 0.896 0.000 0.670 -0.093 0.665 -0.592 0.007 -0.691 -0.416 -0.124 -0.387 -0.565 0.201 -0.611 -0.283 -0.063 1.131 -0.123 -0.373 -0.164 -0.274 1.022 -0.418 -0.326 -0.110 -0.120 -0.751 -0.566 0.086 -0.476 0.072 -0.157 -0.029 -0.194 -0.067 0.120 -0.345 1.092 -0.477 -0.290 -0.317 -0.075 -0.105 
